 0.000000
 0.099833
 0.198669
 0.295520
 0.389418
 0.479426
 0.564642
 0.644218
 0.717356
 0.783327
 0.841471
 0.891207
 0.932039
 0.963558
 0.985450
 0.997495
 0.999574
 0.991665
 0.973848
 0.946300
 0.909297
 0.863209
 0.808496
 0.745705
 0.675463
 0.598472
 0.515501
 0.427380
 0.334988
 0.239249
 0.141120
 0.041581
-0.058374
-0.157746
-0.255541
-0.350783
-0.442520
-0.529836
-0.611858
-0.687766
-0.756802
-0.818277
-0.871576
-0.916166
-0.951602
-0.977530
-0.993691
-0.999923
-0.996165
-0.982453
-0.958924
-0.925815
-0.883455
-0.832267
-0.772764
-0.705540
-0.631267
-0.550686
-0.464602
-0.373877
-0.279415
-0.182163
-0.083089
 0.016814
 0.116549
 0.215120
 0.311541
 0.404850
 0.494113
 0.578440
 0.656987
 0.728969
 0.793668
 0.850437
 0.898708
 0.938000
 0.967920
 0.988168
 0.998543
 0.998941
 0.989358
 0.969890
 0.940731
 0.902172
 0.854599
 0.798487
 0.734397
 0.662969
 0.584917
 0.501021
 0.412118
 0.319098
 0.222890
 0.124454
 0.024775
-0.075151
-0.174327
-0.271761
-0.366479
-0.457536
-0.544021
-0.625071
-0.699875
-0.767686
-0.827826
-0.879696
-0.922775
-0.956635
-0.980936
-0.995436
-0.999990
-0.994553
-0.979178
-0.954019
-0.919329
-0.875452
-0.822829
-0.761984
-0.693525
-0.618137
-0.536573
-0.449647
-0.358229
-0.263232
-0.165604
-0.066322
 0.033623
 0.133232
 0.231510
 0.327474
 0.420167
 0.508661
 0.592074
 0.669570
 0.740376
 0.803784
 0.859162
 0.905955
 0.943696
 0.972008
 0.990607
 0.999309
 0.998027
 0.986772
 0.965658
 0.934895
 0.894791
 0.845747
 0.788252
 0.722881
 0.650288
 0.571197
 0.486399
 0.396741
 0.303118
 0.206467
 0.107754
 0.007963
-0.091907
-0.190859
-0.287903
-0.382071
-0.472422
-0.558052
-0.638107
-0.711785
-0.778352
-0.837142
-0.887567
-0.929124
-0.961397
-0.984065
-0.996900
-0.999774
-0.992659
-0.975626
-0.948844
-0.912582
-0.867202
-0.813157
-0.750987
-0.681314
-0.604833
-0.522309
-0.434566
-0.342481
-0.246974
-0.148999
-0.049536
 0.050423
 0.149877
 0.247834
 0.343315
 0.435365
 0.523066
 0.605540
 0.681964
 0.751573
 0.813674
 0.867644
 0.912945
 0.949125
 0.975821
 0.992766
 0.999793
 0.996830
 0.983907
 0.961153
 0.928795
 0.887158
 0.836656
 0.777794
 0.711161
 0.637423
 0.557315
 0.471639
 0.381250
 0.287053
 0.189987
 0.091022
-0.008851
-0.108637
-0.207336
-0.303965
-0.397556
-0.487175
-0.571926
-0.650962
-0.723495
-0.788798
-0.846220
-0.895187
-0.935210
-0.965888
-0.986916
-0.998082
-0.999276
-0.990486
-0.971798
-0.943401
-0.905578
-0.858707
-0.803256
-0.739779
-0.668910
-0.591358
-0.507897
-0.419361
-0.326635
-0.230646
-0.132352
-0.032735
 0.067208
 0.166480
 0.264089
 0.359058
 0.450441
 0.537322
 0.618835
 0.694165
 0.762558
 0.823333
 0.875881
 0.919678
 0.954285
 0.979358
 0.994645
 0.999994
 0.995351
 0.980763
 0.956376
 0.922433
 0.879273
 0.827328
 0.767116
 0.699240
 0.624377
 0.543276
 0.456746
 0.365653
 0.270906
 0.173452
 0.074265
-0.025663
-0.125336
-0.223756
-0.319940
-0.412928
-0.501789
-0.585637
-0.663634
-0.735000
-0.799021
-0.855060
-0.902555
-0.941031
-0.970106
-0.989487
-0.998982
-0.998495
-0.988032
-0.967696
-0.937692
-0.898318
-0.849969
-0.793127
-0.728361
-0.656317
-0.577715
-0.493341
-0.404038
-0.310697
-0.214253
-0.115667
-0.015926
 0.083974
 0.183036
 0.280268
 0.374700
 0.465388
 0.551427
 0.631955
 0.706169
 0.773328
 0.832759
 0.883870
 0.926150
 0.959176
 0.982618
 0.996242
 0.999912
 0.993591
 0.977343
 0.951329
 0.915810
 0.871140
 0.817766
 0.756222
 0.687121
 0.611155
 0.529083
 0.441724
 0.349951
 0.254682
 0.156869
 0.057487
-0.042468
-0.141999
-0.240112
-0.335825
-0.428183
-0.516262
-0.599183
-0.676118
-0.746297
-0.809019
-0.863657
-0.909667
-0.946587
-0.974049
-0.991779
-0.999599
-0.997432
-0.985298
-0.963320
-0.931717
-0.890804
-0.840991
-0.782775
-0.716737
-0.643538
-0.563909
-0.478646
-0.388600
-0.294672
-0.197799
-0.098950
 0.000888
 0.100717
 0.199540
 0.296369
 0.390236
 0.480205
 0.565375
 0.644897
 0.717975
 0.783879
 0.841951
 0.891610
 0.932361
 0.963795
 0.985600
 0.997557
 0.999547
 0.991550
 0.973645
 0.946013
 0.908927
 0.862761
 0.807973
 0.745113
 0.674808
 0.597760
 0.514740
 0.426577
 0.334151
 0.238387
 0.140241
 0.040693
-0.059261
-0.158623
-0.256400
-0.351615
-0.443317
-0.530589
-0.612560
-0.688411
-0.757383
-0.818787
-0.872011
-0.916522
-0.951875
-0.977717
-0.993790
-0.999934
-0.996087
-0.982287
-0.958672
-0.925479
-0.883038
-0.831775
-0.772200
-0.704911
-0.630578
-0.549944
-0.463816
-0.373053
-0.278563
-0.181289
-0.082204
 0.017702
 0.117431
 0.215987
 0.312385
 0.405662
 0.494885
 0.579164
 0.657656
 0.729577
 0.794208
 0.850904
 0.899097
 0.938307
 0.968142
 0.988304
 0.998591
 0.998900
 0.989229
 0.969673
 0.940429
 0.901788
 0.854137
 0.797952
 0.733794
 0.662304
 0.584197
 0.500252
 0.411309
 0.318257
 0.222024
 0.123573
 0.023888
-0.076037
-0.175201
-0.272615
-0.367305
-0.458325
-0.544766
-0.625764
-0.700509
-0.768255
-0.828324
-0.880118
-0.923117
-0.956893
-0.981108
-0.995521
-0.999986
-0.994460
-0.978997
-0.953753
-0.918979
-0.875023
-0.822324
-0.761408
-0.692885
-0.617439
-0.535823
-0.448854
-0.357400
-0.262375
-0.164728
-0.065436
 0.034511
 0.134112
 0.232374
 0.328313
 0.420973
 0.509426
 0.592789
 0.670229
 0.740973
 0.804312
 0.859616
 0.906330
 0.943989
 0.972216
 0.990728
 0.999342
 0.997970
 0.986628
 0.965427
 0.934579
 0.894394
 0.845273
 0.787705
 0.722267
 0.649613
 0.570468
 0.485622
 0.395925
 0.302272
 0.205598
 0.106871
 0.007075
-0.092791
-0.191730
-0.288754
-0.382892
-0.473205
-0.558789
-0.638790
-0.712409
-0.778909
-0.837627
-0.887976
-0.929452
-0.961642
-0.984223
-0.996970
-0.999755
-0.992552
-0.975431
-0.948564
-0.912219
-0.866760
-0.812640
-0.750400
-0.680663
-0.604125
-0.521551
-0.433766
-0.341646
-0.246113
-0.148121
-0.048649
 0.051310
 0.150755
 0.248695
 0.344149
 0.436165
 0.523823
 0.606246
 0.682613
 0.752159
 0.814190
 0.868085
 0.913307
 0.949404
 0.976014
 0.992873
 0.999811
 0.996759
 0.983748
 0.960907
 0.928466
 0.886747
 0.836169
 0.777236
 0.710537
 0.636738
 0.556577
 0.470856
 0.380429
 0.286202
 0.189115
 0.090138
-0.009739
-0.109519
-0.208205
-0.304811
-0.398370
-0.487950
-0.572654
-0.651636
-0.724108
-0.789344
-0.846693
-0.895583
-0.935524
-0.966118
-0.987058
-0.998137
-0.999242
-0.990363
-0.971589
-0.943107
-0.905201
-0.858252
-0.802726
-0.739181
-0.668249
-0.590641
-0.507131
-0.418554
-0.325796
-0.229781
-0.131471
-0.031848
 0.068094
 0.167356
 0.264945
 0.359887
 0.451233
 0.538071
 0.619532
 0.694804
 0.763133
 0.823837
 0.876309
 0.920026
 0.954550
 0.979537
 0.994736
 0.999996
 0.995265
 0.980589
 0.956116
 0.922089
 0.878850
 0.826829
 0.766546
 0.698605
 0.623683
 0.542530
 0.455956
 0.364826
 0.270051
 0.172577
 0.073380
-0.026551
-0.126217
-0.224621
-0.320781
-0.413736
-0.502557
-0.586357
-0.664298
-0.735602
-0.799555
-0.855520
-0.902937
-0.941332
-0.970321
-0.989615
-0.999021
-0.998446
-0.987894
-0.967472
-0.937383
-0.897928
-0.849501
-0.792586
-0.727752
-0.655646
-0.576990
-0.492568
-0.403225
-0.309853
-0.213385
-0.114785
-0.015038
 0.084859
 0.183909
 0.281121
 0.375524
 0.466174
 0.552167
 0.632643
 0.706798
 0.773891
 0.833251
 0.884285
 0.926485
 0.959427
 0.982782
 0.996318
 0.999900
 0.993490
 0.977154
 0.951055
 0.915453
 0.870704
 0.817255
 0.755640
 0.686476
 0.610452
 0.528329
 0.440927
 0.349119
 0.253823
 0.155991
 0.056601
-0.043355
-0.142878
-0.240974
-0.336661
-0.428985
-0.517023
-0.599894
-0.676772
-0.746888
-0.809540
-0.864105
-0.910035
-0.946873
-0.974250
-0.991892
-0.999624
-0.997368
-0.985146
-0.963082
-0.931394
-0.890400
-0.840510
-0.782222
-0.716117
-0.642858
-0.563176
-0.477866
-0.387782
-0.293823
-0.196928
-0.098066
 0.001776
 0.101601
 0.200410
 0.297217
 0.391054
 0.480984
 0.566108
 0.645575
 0.718593
 0.784430
 0.842429
 0.892012
 0.932681
 0.964032
 0.985750
 0.997619
 0.999520
 0.991434
 0.973443
 0.945724
 0.908557
 0.862311
 0.807450
 0.744521
 0.674152
 0.597048
 0.513978
 0.425773
 0.333314
 0.237524
 0.139361
 0.039806
-0.060147
-0.159500
-0.257258
-0.352446
-0.444113
-0.531342
-0.613262
-0.689055
-0.757962
-0.819297
-0.872445
-0.916876
-0.952146
-0.977903
-0.993889
-0.999944
-0.996008
-0.982120
-0.958419
-0.925142
-0.882621
-0.831281
-0.771636
-0.704280
-0.629888
-0.549202
-0.463028
-0.372229
-0.277709
-0.180416
-0.081319
 0.018590
 0.118313
 0.216854
 0.313229
 0.406474
 0.495657
 0.579888
 0.658325
 0.730184
 0.794747
 0.851370
 0.899486
 0.938614
 0.968364
 0.988439
 0.998638
 0.998858
 0.989098
 0.969456
 0.940127
 0.901404
 0.853675
 0.797416
 0.733190
 0.661638
 0.583476
 0.499483
 0.410499
 0.317414
 0.221158
 0.122692
 0.023000
-0.076922
-0.176076
-0.273470
-0.368131
-0.459115
-0.545511
-0.626456
-0.701142
-0.768823
-0.828822
-0.880539
-0.923458
-0.957151
-0.981280
-0.995604
-0.999981
-0.994366
-0.978816
-0.953485
-0.918628
-0.874592
-0.821818
-0.760832
-0.692244
-0.616740
-0.535073
-0.448060
-0.356570
-0.261518
-0.163852
-0.064549
 0.035398
 0.134992
 0.233238
 0.329152
 0.421778
 0.510190
 0.593504
 0.670888
 0.741569
 0.804840
 0.860069
 0.906705
 0.944282
 0.972423
 0.990849
 0.999374
 0.997914
 0.986482
 0.965195
 0.934263
 0.893997
 0.844798
 0.787158
 0.721653
 0.648937
 0.569738
 0.484846
 0.395109
 0.301425
 0.204729
 0.105988
 0.006187
-0.093676
-0.192602
-0.289604
-0.383712
-0.473987
-0.559525
-0.639473
-0.713032
-0.779466
-0.838112
-0.888384
-0.929779
-0.961885
-0.984379
-0.997038
-0.999735
-0.992443
-0.975235
-0.948282
-0.911855
-0.866316
-0.812122
-0.749813
-0.680012
-0.603417
-0.520793
-0.432965
-0.340811
-0.245252
-0.147242
-0.047761
 0.052197
 0.151633
 0.249555
 0.344983
 0.436964
 0.524579
 0.606953
 0.683262
 0.752744
 0.814705
 0.868526
 0.913669
 0.949682
 0.976207
 0.992978
 0.999827
 0.996687
 0.983588
 0.960661
 0.928135
 0.886336
 0.835681
 0.776676
 0.709911
 0.636053
 0.555839
 0.470072
 0.379608
 0.285351
 0.188242
 0.089253
-0.010628
-0.110402
-0.209074
-0.305656
-0.399185
-0.488725
-0.573382
-0.652310
-0.724720
-0.789889
-0.847166
-0.895978
-0.935837
-0.966347
-0.987200
-0.998190
-0.999207
-0.990240
-0.971378
-0.942811
-0.904823
-0.857795
-0.802196
-0.738582
-0.667588
-0.589924
-0.506366
-0.417748
-0.324956
-0.228917
-0.130591
-0.030960
 0.068980
 0.168231
 0.265801
 0.360716
 0.452026
 0.538819
 0.620229
 0.695442
 0.763706
 0.824340
 0.876737
 0.920374
 0.954815
 0.979715
 0.994827
 0.999998
 0.995178
 0.980415
 0.955855
 0.921745
 0.878426
 0.826329
 0.765976
 0.697969
 0.622989
 0.541784
 0.455165
 0.363999
 0.269195
 0.171702
 0.072494
-0.027439
-0.127098
-0.225487
-0.321622
-0.414545
-0.503325
-0.587076
-0.664962
-0.736203
-0.800088
-0.855980
-0.903318
-0.941631
-0.970535
-0.989742
-0.999060
-0.998396
-0.987756
-0.967247
-0.937073
-0.897536
-0.849032
-0.792044
-0.727143
-0.654976
-0.576264
-0.491795
-0.402412
-0.309008
-0.212517
-0.113902
-0.014150
 0.085744
 0.184782
 0.281973
 0.376347
 0.466960
 0.552908
 0.633331
 0.707426
 0.774453
 0.833742
 0.884700
 0.926819
 0.959677
 0.982946
 0.996394
 0.999887
 0.993389
 0.976965
 0.950780
 0.915095
 0.870266
 0.816743
 0.755058
 0.685829
 0.609748
 0.527575
 0.440129
 0.348287
 0.252964
 0.155114
 0.055714
-0.044243
-0.143757
-0.241836
-0.337497
-0.429787
-0.517783
-0.600605
-0.677426
-0.747478
-0.810062
-0.864551
-0.910403
-0.947158
-0.974450
-0.992005
-0.999648
-0.997303
-0.984993
-0.962842
-0.931070
-0.889996
-0.840028
-0.781668
-0.715497
-0.642178
-0.562441
-0.477086
-0.386963
-0.292974
-0.196057
-0.097182
 0.002664
 0.102484
 0.201280
 0.298065
 0.391871
 0.481762
 0.566840
 0.646253
 0.719210
 0.784980
 0.842908
 0.892413
 0.933001
 0.964268
 0.985899
 0.997680
 0.999492
 0.991318
 0.973239
 0.945435
 0.908185
 0.861861
 0.806925
 0.743927
 0.673496
 0.596335
 0.513216
 0.424969
 0.332476
 0.236661
 0.138482
 0.038918
-0.061034
-0.160376
-0.258116
-0.353277
-0.444908
-0.532094
-0.613963
-0.689698
-0.758541
-0.819806
-0.872879
-0.917231
-0.952418
-0.978088
-0.993986
-0.999953
-0.995928
-0.981952
-0.958165
-0.924804
-0.882203
-0.830787
-0.771071
-0.703650
-0.629198
-0.548460
-0.462241
-0.371404
-0.276856
-0.179542
-0.080434
 0.019478
 0.119195
 0.217721
 0.314072
 0.407285
 0.496428
 0.580611
 0.658993
 0.730790
 0.795286
 0.851835
 0.899873
 0.938920
 0.968586
 0.988573
 0.998684
 0.998815
 0.988967
 0.969237
 0.939824
 0.901019
 0.853212
 0.796880
 0.732586
 0.660972
 0.582754
 0.498713
 0.409689
 0.316572
 0.220292
 0.121810
 0.022112
-0.077808
-0.176950
-0.274324
-0.368957
-0.459903
-0.546255
-0.627148
-0.701775
-0.769391
-0.829318
-0.880960
-0.923799
-0.957408
-0.981451
-0.995687
-0.999975
-0.994271
-0.978633
-0.953217
-0.918277
-0.874161
-0.821311
-0.760255
-0.691603
-0.616040
-0.534323
-0.447266
-0.355740
-0.260660
-0.162976
-0.063663
 0.036286
 0.135872
 0.234101
 0.329991
 0.422583
 0.510954
 0.594219
 0.671546
 0.742164
 0.805367
 0.860522
 0.907080
 0.944574
 0.972630
 0.990968
 0.999405
 0.997856
 0.986337
 0.964962
 0.933946
 0.893598
 0.844322
 0.786610
 0.721038
 0.648261
 0.569008
 0.484069
 0.394293
 0.300578
 0.203860
 0.105104
 0.005299
-0.094560
-0.193473
-0.290454
-0.384532
-0.474769
-0.560261
-0.640156
-0.713654
-0.780022
-0.838596
-0.888791
-0.930106
-0.962127
-0.984535
-0.997106
-0.999714
-0.992334
-0.975038
-0.948000
-0.911490
-0.865872
-0.811603
-0.749225
-0.679361
-0.602709
-0.520035
-0.432164
-0.339976
-0.244391
-0.146364
-0.046874
 0.053084
 0.152511
 0.250415
 0.345816
 0.437763
 0.525335
 0.607658
 0.683910
 0.753328
 0.815220
 0.868966
 0.914029
 0.949960
 0.976399
 0.993083
 0.999844
 0.996614
 0.983427
 0.960414
 0.927805
 0.885925
 0.835193
 0.776117
 0.709286
 0.635367
 0.555101
 0.469288
 0.378786
 0.284499
 0.187370
 0.088369
-0.011516
-0.111285
-0.209942
-0.306502
-0.399999
-0.489500
-0.574109
-0.652983
-0.725332
-0.790433
-0.847637
-0.896372
-0.936150
-0.966575
-0.987342
-0.998243
-0.999171
-0.990115
-0.971167
-0.942514
-0.904445
-0.857339
-0.801666
-0.737983
-0.666927
-0.589207
-0.505600
-0.416941
-0.324116
-0.228052
-0.129710
-0.030072
 0.069866
 0.169107
 0.266657
 0.361544
 0.452818
 0.539567
 0.620926
 0.696080
 0.764279
 0.824842
 0.877164
 0.920721
 0.955078
 0.979893
 0.994917
 1.000000
 0.995091
 0.980240
 0.955594
 0.921401
 0.878001
 0.825828
 0.765404
 0.697333
 0.622294
 0.541037
 0.454374
 0.363171
 0.268340
 0.170827
 0.071608
-0.028327
-0.127979
-0.226352
-0.322463
-0.415353
-0.504092
-0.587795
-0.665625
-0.736804
-0.800621
-0.856438
-0.903699
-0.941930
-0.970749
-0.989869
-0.999098
-0.998345
-0.987617
-0.967021
-0.936763
-0.897144
-0.848562
-0.791502
-0.726533
-0.654304
-0.575538
-0.491022
-0.401599
-0.308164
-0.211649
-0.113020
-0.013262
 0.086629
 0.185655
 0.282825
 0.377169
 0.467745
 0.553647
 0.634018
 0.708054
 0.775014
 0.834232
 0.885114
 0.927152
 0.959926
 0.983109
 0.996469
 0.999873
 0.993286
 0.976775
 0.950504
 0.914736
 0.869829
 0.816230
 0.754476
 0.685183
 0.609044
 0.526820
 0.439332
 0.347454
 0.252105
 0.154237
 0.054827
-0.045130
-0.144636
-0.242697
-0.338333
-0.430589
-0.518542
-0.601315
-0.678079
-0.748068
-0.810582
-0.864997
-0.910770
-0.947443
-0.974649
-0.992116
-0.999671
-0.997237
-0.984840
-0.962602
-0.930746
-0.889590
-0.839546
-0.781114
-0.714876
-0.641496
-0.561707
-0.476305
-0.386144
-0.292124
-0.195186
-0.096298
 0.003553
 0.103368
 0.202150
 0.298912
 0.392688
 0.482540
 0.567571
 0.646931
 0.719827
 0.785530
 0.843385
 0.892813
 0.933321
 0.964502
 0.986047
 0.997740
 0.999464
 0.991201
 0.973034
 0.945146
 0.907813
 0.861410
 0.806401
 0.743333
 0.672839
 0.595622
 0.512454
 0.424165
 0.331639
 0.235798
 0.137602
 0.038031
-0.061920
-0.161253
-0.258974
-0.354108
-0.445703
-0.532846
-0.614664
-0.690341
-0.759120
-0.820314
-0.873312
-0.917584
-0.952688
-0.978273
-0.994083
-0.999961
-0.995847
-0.981784
-0.957910
-0.924466
-0.881785
-0.830293
-0.770505
-0.703018
-0.628507
-0.547717
-0.461453
-0.370579
-0.276003
-0.178668
-0.079549
 0.020366
 0.120077
 0.218588
 0.314915
 0.408096
 0.497199
 0.581334
 0.659661
 0.731396
 0.795824
 0.852300
 0.900260
 0.939226
 0.968806
 0.988707
 0.998729
 0.998772
 0.988835
 0.969018
 0.939520
 0.900634
 0.852749
 0.796343
 0.731981
 0.660305
 0.582032
 0.497943
 0.408879
 0.315729
 0.219425
 0.120929
 0.021224
-0.078693
-0.177824
-0.275178
-0.369782
-0.460692
-0.546999
-0.627840
-0.702408
-0.769958
-0.829814
-0.881380
-0.924139
-0.957664
-0.981620
-0.995769
-0.999968
-0.994176
-0.978450
-0.952948
-0.917925
-0.873730
-0.820804
-0.759678
-0.690961
-0.615341
-0.533572
-0.446471
-0.354910
-0.259803
-0.162100
-0.062777
 0.037173
 0.136752
 0.234964
 0.330829
 0.423388
 0.511717
 0.594933
 0.672204
 0.742759
 0.805893
 0.860974
 0.907453
 0.944865
 0.972836
 0.991087
 0.999435
 0.997797
 0.986190
 0.964729
 0.933628
 0.893199
 0.843846
 0.786061
 0.720422
 0.647585
 0.568277
 0.483292
 0.393477
 0.299731
 0.202990
 0.104221
 0.004411
-0.095444
-0.194345
-0.291304
-0.385352
-0.475550
-0.560997
-0.640838
-0.714276
-0.780578
-0.839080
-0.889198
-0.930432
-0.962369
-0.984690
-0.997173
-0.999693
-0.992223
-0.974840
-0.947717
-0.911124
-0.865428
-0.811084
-0.748637
-0.678709
-0.602000
-0.519276
-0.431363
-0.339141
-0.243530
-0.145485
-0.045987
 0.053970
 0.153389
 0.251274
 0.346649
 0.438561
 0.526090
 0.608363
 0.684558
 0.753912
 0.815734
 0.869405
 0.914389
 0.950237
 0.976591
 0.993187
 0.999859
 0.996541
 0.983266
 0.960166
 0.927473
 0.885513
 0.834704
 0.775556
 0.708659
 0.634681
 0.554362
 0.468503
 0.377964
 0.283648
 0.186498
 0.087484
-0.012404
-0.112168
-0.210811
-0.307347
-0.400813
-0.490274
-0.574836
-0.653655
-0.725943
-0.790977
-0.848108
-0.896765
-0.936462
-0.966802
-0.987482
-0.998296
-0.999135
-0.989990
-0.970955
-0.942217
-0.904066
-0.856881
-0.801135
-0.737384
-0.666265
-0.588489
-0.504833
-0.416133
-0.323275
-0.227187
-0.128830
-0.029184
 0.070752
 0.169982
 0.267513
 0.362372
 0.453610
 0.540315
 0.621622
 0.696718
 0.764852
 0.825344
 0.877590
 0.921067
 0.955341
 0.980070
 0.995006
 1.000000
 0.995003
 0.980064
 0.955332
 0.921055
 0.877575
 0.825327
 0.764832
 0.696696
 0.621598
 0.540290
 0.453583
 0.362344
 0.267484
 0.169952
 0.070722
-0.029215
-0.128859
-0.227217
-0.323304
-0.416161
-0.504859
-0.588513
-0.666287
-0.737404
-0.801153
